# Created by Octave 3.6.1, Mon Apr 23 13:11:15 2012 Œrodkowoeuropejski czas letni <unknown@Adrian-Komputer>
# name: planes
# type: matrix
# rows: 45
# columns: 41
 0.04129365079365081 0.1551160865396599 -0.05233043668490939 0.0233064149593736 -0.005593129550276932 0.03914648317425277 -0.03789657578740369 -0.01701399183595588 0.03747689087951225 0.01584729481264245 -0.04529508529693408 0.003370478557596551 -0.00344054898750159 -0.07812582912398086 -0.006962790279337999 0.04657869709267717 0.02611999598436859 -0.006614605267789873 -0.03349417275930102 0.05383000984495498 0.03157804789649682 0.05284970357823184 0.01941544513122559 0.09059534585406 0.01552646402789128 0.05331063425974551 -0.0396776318988104 0.0290824169338625 -0.02888072331380023 -0.09887897519182789 0.01328412865243272 -0.03137466972150825 -0.005019449195383822 -0.0002410802127821104 0.0219482886213023 -0.02741764791776702 -0.005817561715257466 0.003188682106161504 0.001823770723925986 0.01057257831935497 0.00663936934856731
 -0.1695119047619048 0.06128630519682462 -0.02312177026716093 0.02242540715164405 0.04262237741732541 0.07428836523516749 -0.01232322379213124 0.002009827111249673 -0.01482864061987268 0.03359752271714685 -0.06629679952185823 -0.04803020212304866 0.02181817968810103 0.003561912094397256 0.04259465972098699 0.06588887688668374 -0.01047284970420144 0.01060297725163628 -0.02583900632392681 0.03688636163184737 0.02136121924478306 0.02298979792532991 0.002249056356164283 0.04665771588693558 0.06313639519279575 0.02393232381589384 -0.01672493424923238 0.04891469174605923 0.005622520462217601 -0.0900221831588688 0.04549862706803551 0.01401259162141707 -0.002116636689128301 -0.008193748512873637 -0.01867501331972147 -0.04031865937203083 0.0203507748720299 -0.004674181727310964 -0.007865945521887255 -0.01975553452742429 0.02703408351037384
 -0.1201626984126984 0.07000067511929244 -0.04399266201526829 0.03988970224251656 0.01418252372577138 0.04732556560270095 0.01024703069814055 0.01546368815859833 -0.02260536118299499 0.01275145888760972 -0.003461029477256555 -0.0166847378456313 0.03036939314797125 -0.01418682844237562 0.04397629508709015 0.01523506040678821 0.03999323794737993 0.05230148793747426 -0.05624851266076292 0.02857404146636023 0.01814744064738269 0.02334444707443172 -0.01178892362844616 0.04474175525552547 0.006656278355607408 0.02886523613221608 0.001717997095212926 0.01319275721177996 -0.007878942728883299 -0.06576059724489508 0.05682935328170192 -0.03213402172451478 0.0003412202031205431 -0.002041370387755258 0.00441866028018886 -0.03080133283619772 -0.003317506714291482 -0.04203536880186787 -0.04769431449771585 0.001454212267072512 0.0101987856335616
 -0.06237301587301587 0.05792804388813848 0.06360903937290574 0.01328837943567686 0.04996568573747394 0.1136426379243906 -0.03590774705512217 -0.06162668800027499 0.03806824098169478 0.03152553588428402 0.03807398932733715 -0.08319047925025581 0.04747386749528586 0.04591181705040857 0.06570935271348233 0.0647258158271386 -0.002072353962613503 0.00765804670756234 -0.01176824083899135 0.04392989741286479 -0.001798826146433238 -0.02634759547869666 -0.07105740492803762 0.01201321581699085 0.02046096059193634 0.05137832733995826 -0.002221161822394162 0.03769485042883618 -0.01036176076689902 -0.0753057889075294 0.03954973234377948 0.0186105742079063 -0.02552553871204289 -0.03798559081073218 0.02199100594246813 -0.02378777063575459 -0.04188657544570257 -0.02331029498501968 -0.03015395253804637 -0.08974098014021749 0.06807578548326
 -0.140940476190476 0.06825873815809101 -0.01658253157572767 0.01942228103793071 -0.01757791455238429 0.02737477625385423 -0.003344467540451607 -0.0003792253263376272 0.0294351193165199 -0.02160162827559457 0.0002324482916672783 -0.01005816420122145 0.01785338281132438 -0.04145251877599496 0.01909854976992171 0.01712193744141884 0.01078456637544255 0.01190808898331574 -0.04748110250267301 0.009181449096991208 0.006382170226403591 0.008489183031344591 0.01174560089905516 0.0337467567915595 -0.0334469967085935 0.02061336968787482 -0.01749286595254813 -0.0001176407588222663 -0.02008935066737402 -0.04647307180922063 0.004677694993128595 -0.02541500216207677 0.009604721260426325 0.001046508331122014 0.01423164167878966 -0.01298647868411666 0.01390932296750316 -0.03413864007851426 -0.02852869903789626 -0.0172209209910861 0.01886268083212661
 0.005480158730158737 0.05894512338232167 -0.0310046901566731 0.01632967905818159 0.1012119305979593 0.08771234198995614 -0.09508045103052987 -0.03334228465855969 0.03940607979402003 0.003294817477811686 -0.01731004190139202 -0.02509567561786982 0.0929241691874256 -0.02757818175156789 0.03064766285594674 0.03220248978554613 -0.0270141772837962 -0.02283985505132921 -0.07363192880514119 -0.02419642280999978 -0.01545863578602056 -0.003043373202497594 -0.03072640860320575 0.02317273009631227 -0.003813528980533157 0.01891601844409072 -0.05461474940248094 0.03481918063955007 -0.04155300793983586 -0.0548113280978894 -0.002639346544353789 -0.06092344419427066 0.02977151629037151 -0.08264267761719821 -0.02883895920076958 -0.04943501650942542 0.03720922780150146 -0.007446330447353237 0.02199552454433121 0.01566429213567615 -0.02510058743641043
 -0.02197222222222222 0.1391086516878808 0.1919254769885387 0.08532207247791679 -0.03639498008992448 0.04415230953935174 0.04407952255994182 -0.02590108762779162 -0.004102435196853 -0.02159984436195997 0.03743488164539007 -0.0736242149855125 0.06326043966714946 -0.02416240781310203 0.08795767467593212 0.02465649015080749 0.02481886117902314 0.03086860544072332 0.03476793271620673 0.03651732888988837 0.07158661603373091 -0.01709641175642567 -0.06073548962200783 0.03260115940303047 0.01527428846476606 0.02214787895272081 -0.08863881530167073 0.03562924972383302 -0.04510533522997689 -0.08565577161953 0.04781435750497679 0.04719217260522372 -0.02599505114867672 -0.006387538928629324 -0.08759001305258939 -0.04445926382210352 -0.04886690197380979 -0.1283597548002185 0.0002915498924244468 0.007620621037142842 0.006028744397099921
 -0.1026746031746033 0.04505521182487573 0.009090235776018399 0.03638950900743517 -0.01727129459901745 0.05791232781391652 -0.002958427773683184 -0.03077998349073988 0.03005782715428712 -0.01456311429954619 0.03065418502162331 -0.03467682185305819 0.02136080886870069 -0.01057646580854 0.03148577006842729 0.0120474618791178 0.005583456119249221 0.00433296294857076 -0.02294192453276847 0.01392453059312495 0.01663888692502678 0.02583812121221185 0.005481646118524751 0.01732525992258855 0.02852458132514126 -0.01584258920866572 -0.00337201469540952 0.03726126767814504 0.001239118733354585 -0.0199941010780562 0.01770543436375839 -0.008503500435667529 -0.04288071432344789 0.01134661152073657 -0.0001931106262232069 -0.01706414181934247 0.01921316680608402 -0.005898288612422007 0.01687104102424837 0.01977230211241006 -0.02315363245087597
 -0.1125317460317461 0.06009610579872337 0.07125587934256786 0.05529375270464428 -0.01328535180856382 0.05077203315613819 -0.007350446263093975 -0.01143822282827183 0.01517870889092692 -0.01343725842932113 0.01238511978270905 -0.03945776620099748 0.006623429681799227 -0.001691852239923629 0.08351730894402805 0.01540347227473611 -0.01166899378053705 -0.01019181004053576 -0.04676156018714398 -9.331593004726176e-005 0.01736283733692541 -0.008179371297123716 -0.04568443258286652 0.0168504488061621 0.0219642745305777 0.0184178160422645 -0.018407547086574 0.0269051722102709 -0.02449955309420425 -0.08823401366442492 0.0234624329116613 0.02602579025936448 -0.06933885136850744 -0.03415953165236695 0.01348050363385687 -0.05710689714991023 -0.03122090410607229 -0.02097670275103884 -0.04854561230806214 -0.02019925381617863 -0.02578539659778376
