# Created by Octave 3.6.1, Sat Jun 09 23:14:52 2012 Œrodkowoeuropejski czas letni <unknown@Adrian-Komputer>
# name: ann2
# type: cell
# rows: 1
# columns: 3
# name: <cell-element>
# type: matrix
# rows: 0
# columns: 0



# name: <cell-element>
# type: matrix
# rows: 20
# columns: 41
 -1.665760057395879 0.01506883398441007 0.9925620976244912 -0.254015499582478 -0.0994998553718275 -0.3601320350548226 -0.7647248939220213 -1.041585616439343 1.418176131065122 -1.202267792358498 0.286141880994035 0.3138016529071254 0.6465434251207824 -1.168753011424267 0.8624825161202239 -0.6476936798810039 -0.602651919163241 0.1180845696284377 -1.552234602394407 -0.60819612415932 -0.9799046788211211 -0.4211040803705853 -0.09110506375179332 -1.286926617005429 0.2369559065763743 -0.1495890622017663 0.2588830568154189 0.2448578468356113 -0.2804405394870594 -0.2563785728257424 -0.8540569937825832 -0.7181561863838954 -1.340821940901096 -0.2723310400322004 0.1292816190713419 -0.4489642982753624 -0.05118099563958804 -0.2621878730670668 -0.1429210735348444 0.07558966338680335 0.3240685882419058
 -1.159476436630117 -1.242012994337634 0.3583760160042905 0.9654311398332709 -0.2848665162052267 -0.2198538506530603 -0.7385339967782397 -0.2292195913419925 -0.6494034266752331 0.2385192609325789 0.4013933599305409 0.2140923303540917 0.2511302587597199 0.182539171272339 0.4303699157642333 -0.5719246969865758 0.6879535543478232 -0.05774301315916548 0.003718247451544747 -0.2236912275101201 -0.5988509930476317 -0.4618983698963701 -1.034019232568449 0.03255310773119861 0.2537542188103153 -0.3981607534381704 0.2911574384175093 -0.8327109881020907 0.1762733550713553 0.1827805774401391 0.1861335951419181 -0.4480777615223976 0.2276968199694868 -0.1701862712922034 -0.5095819587077427 0.2000444270538661 -0.17759013214385 0.06862400226234856 -0.06788410549508653 0.1378316461804499 0.01136666863202501
 -2.159044477868027 -0.9225271995248945 -2.325773064714764 0.230045434562871 -0.4939276161140463 -0.3116271304098987 -0.1188879259311944 0.4177307171227391 0.5288156283975205 0.1966175117822324 -0.4912109789135808 -0.1439333255943263 0.230020649859729 -0.4580266091708261 -1.026966847368825 0.1562260361763579 -1.328190500015664 -1.1559687769057 -0.3937942657352781 -0.1362449974472367 0.07950225342936736 0.3040514896395866 0.6068811415023999 0.7522971470834983 -0.3622097240525576 0.1742576821117335 0.06310424845995245 -0.2814517311133487 -0.2828512706588606 0.1643469903651759 -0.1003966562209892 -0.4693828531648631 -0.1345713651123574 0.4587865958236501 0.747872929430302 0.2517187973607943 -0.2529195783294965 0.003554705618788824 0.1634702407284855 0.4343252007451545 0.2296210001353391
 -0.01344553147070602 0.3618599778251598 -0.3856279009256444 0.05385582878403807 -1.12061126205016 0.3938363821575123 -0.4893301698876629 -0.7965846500298365 0.3138401492071633 -0.4758526745317882 -0.7858978841272555 -1.206463839671329 -0.07742260680237213 -0.09431241007235053 -1.129528120496453 -0.05766275524254539 0.3802765473217565 -0.1158748098375263 0.1411642911889186 -0.9146679998039189 0.5817649636689128 -0.1098287500498284 0.5720450158907003 -0.5319370737777394 -1.123892050460493 0.6319533524513393 0.716789997995307 0.2787504604631909 0.05681546054826353 -0.6216771009450519 -0.3466141892991891 0.2258046867580368 -0.5408162358405215 0.006422291889201725 -0.3838846900580616 0.08059531697385022 -0.1812376575848927 -0.04394587646228062 -0.1341796732032556 -0.2702665154238214 0.2909731286398672
 1.673472819814873 -1.11918083766607 -0.6986779700755972 0.5969016858239191 -0.8410310454040294 -1.556327261360337 0.03580888501903064 0.5671170348493082 0.02129515468128327 1.116091466848272 -0.4225921513008857 0.5630359903632373 -0.6965297686994093 0.7710073772166031 0.04793415063221158 0.3333489161143617 -0.6050152351641128 -1.166160942895365 0.01626500466837904 0.7403878982705306 0.4777712351288447 0.4944920989085941 -0.1626407869001158 0.9504173762052167 -0.3275187307622501 -0.153245453656228 -0.004400025547406144 -0.2976040674360501 -1.072230777657555 -0.1422881859342579 -5.264888520339677e-005 -0.2483669280231159 0.09140477942491719 0.7201347587180144 0.2115019045791685 0.6056478669070871 -0.5054410452140765 -0.0944806326430144 -0.2765809201869439 -0.2204970957914813 0.6127676124226167
 1.947038782457265 -0.1900679619484383 -0.214505817371623 -0.5987203015148519 -1.017921822894525 -1.001431004194538 0.1889189971178034 -0.7466921296907076 0.2515109520165703 -0.8144004456936454 -0.6083505174941414 0.2537908887115598 -0.2697227767325344 -0.7292767447612927 -0.9472889218691549 0.3075688859330064 -0.2226918336917874 -0.5984013457959687 0.4695954142984428 -0.1540682708160901 0.08818897184979156 -0.1276448284261458 0.2369300319121981 -0.7261446010119972 -0.03215428703517952 0.1061583167874248 -0.3032950178275012 0.3119417874026949 -0.02434475203219516 0.146816665787929 -0.294741237628634 0.001726960812700279 -0.4739142909308294 -0.03818382894550146 0.362411401963114 0.4324712761660346 -0.3683029537493263 -0.2257244911287961 0.2940430431596834 0.07610281887053091 0.02044857765019786
 0.9113843608189761 0.1793529752283225 0.3407727394104694 -0.2349265611896184 0.7045342209119269 -0.2384334271259441 -1.293620906029759 -1.153587115270863 0.3071837310725869 -0.9931633401489353 0.7810018150172401 0.2317318733722887 0.7187063922811013 -0.3940352868653801 0.3497931675291479 0.2997457988742234 -0.6456287219473119 -0.02613438225460711 0.2308743601398081 0.4612068079310644 -0.6121080607651123 -0.6406038833784561 -0.6806743320549049 -0.5342588971221652 -0.6356335358510682 0.04938206564961308 -0.003102030241310121 0.6698544476120669 -0.2967388008580641 0.5839570986760159 -0.3587488199425835 -0.07954711997205036 0.2283237948185623 -0.6494236224641869 -0.06537421238253231 0.07600579173376705 -0.2490564569841216 -0.3052987541931639 -0.2496639541595456 0.07733050091898649 -0.1636482467400397
 -2.882319266763353 -0.4372037526916674 1.026932252705404 -0.5804947391973262 0.8540136863692119 0.2461587297169839 0.502458155889887 -0.202883823872091 0.2623916785444227 -0.3413756909645443 -0.7412805175010846 -0.2584135070659581 -0.01767159865596521 0.007866031463134433 -0.7861829191590387 -0.4890241987571186 -0.146024843321041 0.4759480579414463 0.6086452745915272 0.1484909975295974 -0.04036770438494236 -0.0400426520216502 -0.01654394605271657 -0.5287040336902318 -0.5215974427200705 0.2000343820789645 0.1507958063457612 0.006019923642863407 -0.4410127757274885 0.2879996093098831 0.07349901600881734 0.5688614228928188 -0.3722951558164166 -0.02242403581246124 0.221238655603404 -0.09764704012815001 0.2066771467669155 0.3811241089459063 0.4997956914807993 -0.01587303002339831 -0.04960279046943172
 0.4492749304815149 0.5490741205430408 -1.954275365100997 -0.2046943254834767 1.275787779643216 1.170808809098711 -0.4124004223698125 0.558101579912324 -0.217915191727379 1.006924548681774 -0.4459825618356973 -0.3671247112852377 0.3297489490321898 -0.09951717571806909 0.8299650603524905 0.2948224855198238 0.6444335193054682 -0.4257387866114898 -0.367918309545224 -0.01372112589765401 -0.1338411226097597 0.4083742911640881 -0.04559152275244751 0.4609874380013951 0.4372221170758037 0.5028829240317408 -0.2441904947023073 -0.02401512609782258 0.2115334097310393 -0.5144798120599289 0.8485278716688137 -0.8270102342743967 0.9002739841122502 -0.656851187407574 -0.3218128997201342 -0.07399067108830597 0.2053691636911784 -0.01751039968612507 0.4534189285132494 0.3821564257240981 -0.1941579115051666
